1.000000000000000000e+00 0.000000000000000000e+00
2.000000000000000000e+00 0.000000000000000000e+00
3.000000000000000000e+00 0.000000000000000000e+00
4.000000000000000000e+00 0.000000000000000000e+00
5.000000000000000000e+00 1.321580381869342071e-03
6.000000000000000000e+00 9.713556174951491155e-04
7.000000000000000000e+00 6.438111503617978751e-04
8.000000000000000000e+00 3.993217885544355695e-04
9.000000000000000000e+00 4.224062216537273354e-04
1.000000000000000178e+01 6.865858818549788788e-04
1.100000000000000000e+01 2.845231767840555610e-03
1.200000000000000000e+01 5.088597396592747617e-03
1.300000000000000000e+01 7.339403186145777164e-03
1.400000000000000178e+01 9.592413189876568616e-03
1.500000000000000000e+01 1.184636984456182741e-02
1.600000000000000000e+01 2.574334121053249193e-03
1.700000000000000000e+01 6.836502407429516717e-03
1.800000000000000000e+01 1.614522175425458714e-02
1.900000000000000355e+01 2.546406207086011897e-02
2.000000000000000000e+01 3.478489011238171391e-02
2.100000000000000000e+01 3.155721260363666958e-02
2.200000000000000000e+01 2.833038456276794348e-02
2.300000000000000000e+01 2.510473355007093038e-02
2.400000000000000000e+01 2.188078012202339037e-02
2.500000000000000000e+01 1.865940422036974772e-02
2.600000000000000000e+01 1.858442946992110850e-02
2.700000000000000355e+01 1.851029104148237125e-02
2.800000000000000000e+01 1.843699902405170413e-02
2.900000000000000000e+01 1.836456355157875531e-02
3.000000000000000000e+01 1.829299479914802545e-02
3.100000000000000000e+01 1.893293176516874787e-02
3.200000000000000000e+01 1.957387263141392719e-02
3.300000000000000000e+01 2.021572191193019355e-02
3.400000000000000000e+01 2.085839574640328126e-02
3.500000000000000000e+01 2.150182019899837121e-02
3.600000000000000000e+01 2.294178278353998027e-02
3.700000000000000711e+01 2.438346585819360993e-02
3.800000000000000000e+01 2.582658130263741289e-02
3.900000000000000000e+01 2.727090172435214788e-02
4.000000000000000000e+01 2.871624530627725491e-02
4.100000000000000000e+01 3.176717722924810028e-02
4.200000000000000000e+01 3.482164345631442309e-02
4.300000000000000000e+01 3.787878900048111119e-02
4.400000000000000000e+01 4.093801361262305177e-02
4.500000000000000000e+01 4.399888362460697283e-02
4.600000000000000000e+01 5.176451543844305669e-02
4.700000000000000000e+01 5.954228271513976184e-02
4.800000000000000000e+01 6.732797989892591595e-02
4.900000000000000000e+01 7.511914135290974348e-02
5.000000000000000000e+01 8.291422671601307581e-02
5.100000000000000000e+01 1.163759417225220388e-01
5.200000000000000000e+01 1.499644047041199524e-01
5.300000000000000711e+01 1.836100694169197911e-01
5.400000000000000000e+01 2.172863653128719319e-01
5.500000000000000000e+01 2.509809625390727050e-01
5.600000000000000000e+01 5.128482321332324817e-02
5.700000000000000000e+01 2.130043610535507781e-01
5.800000000000000000e+01 4.372797934554811250e-01
5.900000000000000000e+01 6.634443555430494799e-01
6.000000000000000000e+01 8.900591234520429662e-01
6.100000000000000000e+01 7.702722896746723169e-01
6.200000000000000000e+01 6.510377767793892323e-01
6.300000000000000000e+01 5.327265742384013070e-01
6.400000000000000000e+01 4.161269620662202962e-01
6.500000000000000000e+01 3.032199264063725197e-01
6.600000000000000000e+01 3.004836261242174733e-01
6.700000000000000000e+01 2.984563544580094430e-01
6.800000000000000000e+01 2.971526234323119686e-01
6.900000000000000000e+01 2.965819749374188907e-01
7.000000000000000000e+01 2.967486381629881320e-01
7.100000000000000000e+01 3.091323191043288121e-01
7.200000000000000000e+01 3.252673660499400543e-01
7.300000000000001421e+01 3.446272774437963982e-01
7.400000000000000000e+01 3.667016410361337297e-01
7.500000000000000000e+01 3.910310204547413071e-01
7.600000000000000000e+01 3.905920837002567203e-01
7.700000000000000000e+01 4.004748802809891539e-01
7.800000000000000000e+01 4.199513312494304595e-01
7.900000000000000000e+01 4.477713127206758292e-01
8.000000000000000000e+01 4.824937443826167183e-01
8.100000000000000000e+01 4.730549018139559858e-01
8.200000000000000000e+01 4.746539041012549087e-01
8.300000000000000000e+01 4.871820799387156509e-01
8.400000000000000000e+01 5.098343761799128959e-01
8.500000000000000000e+01 5.413413572253711337e-01
8.600000000000000000e+01 5.150560933736135771e-01
8.700000000000000000e+01 5.041154541764654162e-01
8.800000000000000000e+01 5.095088816668197351e-01
8.900000000000000000e+01 5.307386432084779671e-01
9.000000000000000000e+01 5.660256282464184441e-01
9.100000000000000000e+01 5.248625047442589953e-01
9.200000000000000000e+01 4.911755298006801884e-01
9.300000000000000000e+01 4.665868283582781384e-01
9.400000000000000000e+01 4.525817615125389826e-01
9.500000000000000000e+01 4.501492512978833571e-01
9.600000000000000000e+01 4.350975363822656150e-01
9.700000000000000000e+01 4.229999443878372234e-01
9.800000000000000000e+01 4.141154534699644230e-01
9.900000000000000000e+01 4.086536843312190137e-01
1.000000000000000000e+02 4.067525386480695948e-01
1.010000000000000000e+02 4.086112717791628990e-01
1.020000000000000000e+02 4.152100013667853751e-01
1.030000000000000000e+02 4.263286867274031500e-01
1.040000000000000000e+02 4.416260670523242671e-01
1.050000000000000142e+02 4.606860613858214659e-01
1.060000000000000000e+02 4.447596135899351544e-01
1.070000000000000000e+02 4.393219854997951757e-01
1.080000000000000000e+02 4.447580537141763712e-01
1.090000000000000000e+02 4.606830494831434253e-01
1.100000000000000000e+02 4.860671189824310456e-01
1.110000000000000000e+02 4.539247042875102500e-01
1.120000000000000000e+02 4.271495403929848611e-01
1.130000000000000000e+02 4.068028051060913475e-01
1.140000000000000000e+02 3.938819801859976266e-01
1.150000000000000000e+02 3.891274933451920326e-01
1.160000000000000000e+02 3.728060211908003074e-01
1.170000000000000000e+02 3.584023412688309707e-01
1.180000000000000000e+02 3.461559366090732337e-01
1.190000000000000000e+02 3.363025603594046453e-01
1.200000000000000000e+02 3.290572551862948614e-01
1.210000000000000000e+02 3.239501701429743363e-01
1.220000000000000000e+02 3.206078729198100774e-01
1.230000000000000000e+02 3.190858246902353867e-01
1.240000000000000000e+02 3.194100479883336119e-01
1.250000000000000000e+02 3.215749584329459787e-01
1.260000000000000000e+02 3.121706921393388456e-01
1.270000000000000000e+02 3.060806845748166860e-01
1.280000000000000000e+02 3.035045093705440733e-01
1.290000000000000000e+02 3.045313551116741180e-01
1.300000000000000000e+02 3.091253185740083231e-01
1.310000000000000000e+02 3.263136323193546739e-01
1.320000000000000000e+02 3.436302970699352533e-01
1.330000000000000000e+02 3.610568457518081864e-01
1.340000000000000000e+02 3.785781042758154524e-01
1.350000000000000000e+02 3.961815071187038129e-01
1.360000000000000000e+02 3.680344683727214128e-01
1.370000000000000000e+02 3.455572376849950222e-01
1.380000000000000000e+02 3.299107309578226954e-01
1.390000000000000000e+02 3.220919551375257539e-01
1.400000000000000000e+02 3.226704448908377376e-01
1.410000000000000000e+02 3.145332110499629019e-01
1.420000000000000000e+02 3.073969662419958615e-01
1.430000000000000000e+02 3.013328359309649374e-01
1.440000000000000000e+02 2.964066300197177317e-01
1.450000000000000284e+02 2.926758134577005510e-01
1.460000000000000000e+02 2.931141321112694098e-01
1.470000000000000000e+02 2.942529477965329376e-01
1.480000000000000000e+02 2.960841777500886618e-01
1.490000000000000000e+02 2.985950828870655438e-01
1.500000000000000000e+02 3.017686977108651747e-01
1.510000000000000000e+02 3.080268897281722706e-01
1.520000000000000000e+02 3.155186772237385529e-01
1.530000000000000000e+02 3.241585407826390597e-01
1.540000000000000000e+02 3.338573594389496746e-01
1.550000000000000000e+02 3.445257121677163803e-01
1.560000000000000000e+02 3.489645172420138275e-01
1.570000000000000000e+02 3.563472482143412168e-01
1.580000000000000000e+02 3.664960400776751115e-01
1.590000000000000000e+02 3.791888613105643957e-01
1.600000000000000000e+02 3.941800308971650235e-01
1.610000000000000000e+02 3.857091266281820752e-01
1.620000000000000000e+02 3.807814732555528936e-01
1.630000000000000000e+02 3.795351061354838573e-01
1.640000000000000000e+02 3.820060596483857429e-01
1.650000000000000000e+02 3.881233422909634578e-01
1.660000000000000000e+02 3.751343411142573636e-01
1.670000000000000000e+02 3.639075623083720679e-01
1.680000000000000000e+02 3.546104184835655038e-01
1.690000000000000000e+02 3.473978682416334340e-01
1.700000000000000000e+02 3.424016702506679777e-01
1.710000000000000000e+02 3.332060796217055643e-01
1.720000000000000000e+02 3.249895471097148381e-01
1.730000000000000000e+02 3.178280140132090925e-01
1.740000000000000000e+02 3.117941849680260225e-01
1.750000000000000000e+02 3.069545692695625494e-01
1.760000000000000000e+02 3.058266665949172514e-01
1.770000000000000000e+02 3.049820954587841859e-01
1.780000000000000000e+02 3.044232140377596263e-01
1.790000000000000000e+02 3.041515972085375719e-01
1.800000000000000000e+02 3.041680145391781886e-01
1.810000000000000000e+02 3.061725847297512293e-01
1.820000000000000000e+02 3.090129022249618052e-01
1.830000000000000000e+02 3.126661916051956536e-01
1.840000000000000000e+02 3.171043559056011540e-01
1.850000000000000000e+02 3.222949723866654903e-01
1.860000000000000000e+02 3.230467253143157746e-01
1.870000000000000000e+02 3.253199860685941358e-01
1.880000000000000000e+02 3.290832250720530094e-01
1.890000000000000000e+02 3.342861256480179621e-01
1.900000000000000000e+02 3.408627695517468248e-01
1.910000000000000000e+02 3.369225115665613890e-01
1.920000000000000000e+02 3.351383773892841478e-01
1.930000000000000000e+02 3.355447619363101097e-01
1.940000000000000000e+02 3.381337673046541648e-01
1.950000000000000000e+02 3.428559522384744818e-01
1.960000000000000000e+02 3.090668010491551820e-01
1.970000000000000000e+02 2.782548287941336573e-01
1.980000000000000000e+02 2.515165813516771487e-01
1.990000000000000000e+02 2.302755096694057702e-01
2.000000000000000000e+02 2.161582955226608316e-01
2.010000000000000000e+02 2.071022928688253384e-01
2.020000000000000000e+02 1.987297043084429726e-01
2.030000000000000000e+02 1.911303631353517274e-01
2.040000000000000000e+02 1.843998935051629207e-01
2.050000000000000000e+02 1.786365315715495450e-01
2.060000000000000000e+02 1.777980075076557032e-01
2.070000000000000000e+02 1.769736334093915120e-01
2.080000000000000000e+02 1.761636079251362730e-01
2.090000000000000284e+02 1.753681298837696245e-01
2.100000000000000000e+02 1.745873981343166459e-01
2.110000000000000000e+02 1.771469215106374895e-01
2.120000000000000000e+02 1.797136775109197671e-01
2.130000000000000000e+02 1.822873606115331946e-01
2.140000000000000000e+02 1.848676815004633434e-01
2.150000000000000000e+02 1.874543660692162828e-01
2.160000000000000000e+02 1.889349096982256837e-01
2.170000000000000000e+02 1.904598810006619680e-01
2.180000000000000000e+02 1.920282215267866133e-01
2.190000000000000000e+02 1.936388774976234850e-01
2.200000000000000000e+02 1.952908019292853015e-01
2.210000000000000000e+02 2.002473682266437405e-01
2.220000000000000000e+02 2.053106941523214768e-01
2.230000000000000000e+02 2.104730749360033681e-01
2.240000000000000000e+02 2.157273995134187938e-01
2.250000000000000000e+02 2.210671120196879835e-01
2.260000000000000000e+02 2.273674346989639494e-01
2.270000000000000000e+02 2.341204437915984093e-01
2.280000000000000000e+02 2.412881338472477599e-01
2.290000000000000000e+02 2.488346727538682801e-01
2.300000000000000000e+02 2.567266536382365461e-01
2.310000000000000000e+02 2.585062533854320388e-01
2.320000000000000000e+02 2.613645027110691466e-01
2.330000000000000000e+02 2.652665365295459043e-01
2.340000000000000000e+02 2.701671323723567331e-01
2.350000000000000000e+02 2.760131071401667469e-01
2.360000000000000000e+02 2.707012636033155895e-01
2.370000000000000000e+02 2.662893201049836289e-01
2.380000000000000000e+02 2.628225998079259940e-01
2.390000000000000000e+02 2.603388657498147407e-01
2.400000000000000000e+02 2.588664137200553106e-01
2.410000000000000000e+02 2.516812147738089478e-01
2.420000000000000000e+02 2.448711107628912531e-01
2.430000000000000000e+02 2.384682393967360592e-01
2.440000000000000000e+02 2.325062468283394801e-01
2.450000000000000000e+02 2.270198707732810905e-01
2.460000000000000000e+02 2.213711107556661506e-01
2.470000000000000000e+02 2.158292220937624573e-01
2.480000000000000000e+02 2.104026497530887274e-01
2.490000000000000000e+02 2.051005470927960983e-01
2.500000000000000000e+02 1.999328169499161589e-01
2.510000000000000000e+02 1.967158736049788026e-01
2.520000000000000000e+02 1.935257672226618486e-01
2.530000000000000000e+02 1.903638470045674880e-01
2.540000000000000000e+02 1.872315409591702451e-01
2.550000000000000000e+02 1.841303604238613834e-01
2.560000000000000000e+02 1.831947189594635150e-01
2.570000000000000000e+02 1.822646921799246367e-01
2.580000000000000000e+02 1.813403664721087438e-01
2.590000000000000000e+02 1.804218294581474979e-01
2.600000000000000000e+02 1.795091699991986089e-01
2.610000000000000000e+02 1.815144249038576074e-01
2.620000000000000000e+02 1.835665617416887552e-01
2.630000000000000000e+02 1.856640259669665449e-01
2.640000000000000000e+02 1.878052988974743820e-01
2.650000000000000000e+02 1.899888992988460479e-01
2.660000000000000000e+02 1.897860745157549101e-01
2.670000000000000000e+02 1.897564197249543283e-01
2.680000000000000000e+02 1.899000160531514048e-01
2.690000000000000000e+02 1.902164711337113456e-01
2.700000000000000000e+02 1.907049244449594005e-01
2.710000000000000000e+02 1.903775463959800907e-01
2.720000000000000000e+02 1.901182279019416332e-01
2.730000000000000000e+02 1.899272477398143977e-01
2.740000000000000000e+02 1.898048121942439992e-01
2.750000000000000000e+02 1.897510539490856185e-01
2.760000000000000000e+02 1.898443653059441460e-01
2.770000000000000000e+02 1.900755205669035497e-01
2.780000000000000000e+02 1.904440178001835515e-01
2.790000000000000000e+02 1.909490618717686328e-01
2.800000000000000000e+02 1.915895729424622329e-01
2.810000000000000000e+02 1.898906838894949545e-01
2.820000000000000000e+02 1.883342408696768722e-01
2.830000000000000000e+02 1.869238021978130715e-01
2.840000000000000000e+02 1.856626953925024082e-01
2.850000000000000000e+02 1.845539817530996163e-01
2.860000000000000000e+02 1.824190688726113618e-01
2.870000000000000000e+02 1.803651200679625144e-01
2.880000000000000000e+02 1.783949318990408761e-01
2.890000000000000568e+02 1.765113091525561118e-01
2.900000000000000000e+02 1.747170516337428758e-01
2.910000000000000000e+02 1.725505143354240933e-01
2.920000000000000000e+02 1.704420962450149679e-01
2.930000000000000000e+02 1.683939804640136872e-01
2.940000000000000000e+02 1.664083935676876624e-01
2.950000000000000000e+02 1.644875999952165602e-01
2.960000000000000000e+02 1.620794477211822127e-01
2.970000000000000000e+02 1.597011064236340816e-01
2.980000000000000000e+02 1.573539278511176809e-01
2.990000000000000000e+02 1.550393273506079916e-01
3.000000000000000000e+02 1.527587857977262265e-01
3.010000000000000000e+02 1.506688769408061346e-01
3.020000000000000000e+02 1.485862498017297695e-01
3.030000000000000000e+02 1.465112149052432422e-01
3.040000000000000000e+02 1.444440994544560208e-01
3.050000000000000000e+02 1.423852483677199021e-01
3.060000000000000000e+02 1.410053364473187743e-01
3.070000000000000000e+02 1.396259485275469503e-01
3.080000000000000000e+02 1.382471002933665927e-01
3.090000000000000000e+02 1.368688080555335029e-01
3.100000000000000000e+02 1.354910887817798171e-01
3.110000000000000000e+02 1.348842806798494776e-01
3.120000000000000000e+02 1.342774772748473178e-01
3.130000000000000000e+02 1.336706786307390038e-01
3.140000000000000000e+02 1.330638848126564355e-01
3.150000000000000000e+02 1.324570958869246140e-01
3.160000000000000000e+02 1.324398594562155862e-01
3.170000000000000000e+02 1.324230441044261797e-01
3.180000000000000000e+02 1.324066499919846762e-01
3.190000000000000000e+02 1.323906772753789540e-01
3.200000000000000000e+02 1.323751261071489937e-01
3.210000000000000000e+02 1.331689866977522063e-01
3.220000000000000000e+02 1.339633329939079742e-01
3.230000000000000000e+02 1.347581564064873894e-01
3.240000000000000000e+02 1.355534485427133395e-01
3.250000000000000000e+02 1.363492012007287701e-01
3.260000000000000000e+02 1.374590376749891540e-01
3.270000000000000000e+02 1.385717459194122370e-01
3.280000000000000000e+02 1.396872573069461998e-01
3.290000000000000000e+02 1.408055052151109265e-01
3.300000000000000000e+02 1.419264249602273931e-01
3.310000000000000000e+02 1.436145512583966166e-01
3.320000000000000000e+02 1.453166631304724232e-01
3.330000000000000000e+02 1.470322748673391633e-01
3.340000000000000000e+02 1.487609194009614777e-01
3.350000000000000000e+02 1.505021476539087633e-01
3.360000000000000000e+02 1.518277961415032962e-01
3.370000000000000000e+02 1.532185544509953590e-01
3.380000000000000000e+02 1.546726662634325955e-01
3.390000000000000000e+02 1.561883621277385115e-01
3.400000000000000000e+02 1.577638670715566516e-01
3.410000000000000000e+02 1.570354264846370029e-01
3.420000000000000000e+02 1.563996433640146011e-01
3.430000000000000000e+02 1.558576516341406981e-01
3.440000000000000000e+02 1.554104325866396130e-01
3.450000000000000000e+02 1.550588062509279108e-01
3.460000000000000000e+02 1.530944392147583211e-01
3.470000000000000000e+02 1.511664888107825400e-01
3.480000000000000000e+02 1.492763660418491289e-01
3.490000000000000000e+02 1.474255258641473665e-01
3.500000000000000000e+02 1.456154661852964993e-01
3.510000000000000000e+02 1.440150466531031348e-01
3.520000000000000000e+02 1.424266618540298290e-01
3.530000000000000000e+02 1.408507189386027925e-01
3.540000000000000000e+02 1.392876402212802345e-01
3.550000000000000000e+02 1.377378636597677009e-01
3.560000000000000000e+02 1.361831521469564210e-01
3.570000000000000000e+02 1.346375438908726796e-01
3.580000000000000000e+02 1.331013560201905199e-01
3.590000000000000000e+02 1.315749184952117457e-01
3.600000000000000000e+02 1.300585746223253680e-01
3.610000000000000000e+02 1.282629164223430263e-01
3.620000000000000000e+02 1.264704576060881880e-01
3.630000000000000000e+02 1.246813361597322173e-01
3.640000000000000000e+02 1.228956978401333361e-01
3.650000000000000000e+02 1.211136967077009463e-01
3.660000000000000000e+02 1.193351672821360981e-01
3.670000000000000000e+02 1.175566424678226307e-01
3.680000000000000000e+02 1.157781224772676670e-01
3.690000000000000000e+02 1.139996075362391115e-01
3.700000000000000000e+02 1.122210978848163787e-01
3.710000000000000000e+02 1.106775637621037478e-01
3.720000000000000000e+02 1.091374229003456292e-01
3.730000000000000000e+02 1.076008210076325466e-01
3.740000000000000000e+02 1.060679118908146035e-01
3.750000000000000000e+02 1.045388579974546178e-01
3.760000000000000000e+02 1.033293995529378784e-01
3.770000000000000000e+02 1.021328020091295669e-01
3.780000000000000000e+02 1.009495227042115778e-01
3.790000000000000000e+02 9.978003545743448222e-02
3.800000000000000000e+02 9.862483090617862880e-02
3.810000000000000000e+02 9.804930162393631077e-02
3.820000000000000000e+02 9.750524756973520668e-02
3.830000000000000000e+02 9.699319839737967353e-02
3.840000000000000000e+02 9.651366350986766152e-02
3.850000000000000000e+02 9.606712980964329796e-02
3.860000000000000000e+02 9.680746080348627547e-02
3.870000000000000000e+02 9.757909377894866121e-02
3.880000000000000000e+02 9.838129220725773394e-02
3.890000000000000000e+02 9.921331467179922425e-02
3.900000000000000000e+02 1.000744173008652343e-01
3.910000000000000000e+02 1.012353909348404218e-01
3.920000000000000000e+02 1.024039548070962147e-01
3.930000000000000000e+02 1.035798520240264475e-01
3.940000000000000000e+02 1.047628356493189167e-01
3.950000000000000000e+02 1.059526683195603780e-01
3.960000000000000000e+02 1.072283691267015143e-01
3.970000000000000000e+02 1.085043063990461104e-01
3.980000000000000000e+02 1.097804718915552091e-01
3.990000000000000000e+02 1.110568577367267024e-01
4.000000000000000000e+02 1.123334564233074151e-01
4.010000000000000000e+02 1.132373922810858136e-01
4.020000000000000000e+02 1.141413865666533606e-01
4.030000000000000000e+02 1.150454379026832480e-01
4.040000000000000000e+02 1.159495449547188889e-01
4.050000000000000000e+02 1.168537064295218364e-01
4.060000000000000000e+02 1.176381155311940069e-01
4.070000000000000000e+02 1.184229066494597860e-01
4.080000000000000000e+02 1.192080722394470160e-01
4.090000000000000000e+02 1.199936049502064728e-01
4.100000000000000000e+02 1.207794976186341573e-01
4.110000000000000000e+02 1.213788886324336513e-01
4.120000000000000000e+02 1.219795422029059384e-01
4.130000000000000000e+02 1.225814397703297864e-01
4.140000000000000000e+02 1.231845630996602214e-01
4.150000000000000000e+02 1.237888942744543724e-01
4.160000000000000000e+02 1.241990175986212447e-01
4.170000000000000568e+02 1.246107216821850106e-01
4.180000000000000000e+02 1.250239909088214918e-01
4.190000000000000000e+02 1.254388098090257753e-01
4.200000000000000000e+02 1.258551630596161375e-01
4.210000000000000000e+02 1.261613152238599544e-01
4.220000000000000000e+02 1.264708252732252292e-01
4.230000000000000000e+02 1.267836686154494297e-01
4.240000000000000000e+02 1.270998206368460504e-01
4.250000000000000000e+02 1.274192567089829364e-01
4.260000000000000000e+02 1.272488108885669045e-01
4.270000000000000000e+02 1.270859312680991116e-01
4.280000000000000000e+02 1.269306469748222310e-01
4.290000000000000000e+02 1.267829859170979401e-01
4.300000000000000000e+02 1.266429747601672262e-01
4.310000000000000000e+02 1.256962154230729656e-01
4.320000000000000000e+02 1.247558860618684790e-01
4.330000000000000000e+02 1.238221331681028520e-01
4.340000000000000000e+02 1.228951066452037694e-01
4.350000000000000000e+02 1.219749598573074134e-01
4.360000000000000000e+02 1.204482920199967805e-01
4.370000000000000000e+02 1.189226417568210875e-01
4.380000000000000000e+02 1.173980487395430011e-01
4.390000000000000000e+02 1.158745546995851444e-01
4.400000000000000000e+02 1.143522035613931814e-01
4.410000000000000000e+02 1.126478147214105552e-01
4.420000000000000000e+02 1.109444925038725049e-01
4.430000000000000000e+02 1.092422868016046655e-01
4.440000000000000000e+02 1.075412506325638812e-01
4.450000000000000000e+02 1.058414403854059244e-01
4.460000000000000000e+02 1.042740759737776357e-01
4.470000000000000000e+02 1.027155628732175641e-01
4.480000000000000000e+02 1.011663101599920705e-01
4.490000000000000000e+02 9.962674984793275235e-02
4.500000000000000000e+02 9.809733828186401050e-02
4.510000000000000000e+02 9.687104927613372773e-02
4.520000000000000000e+02 9.566570949264209534e-02
4.530000000000000000e+02 9.448212070334177648e-02
4.540000000000000000e+02 9.332111051348400410e-02
4.550000000000000000e+02 9.218353202897866527e-02
4.560000000000000000e+02 9.145073189076279030e-02
4.570000000000000000e+02 9.074902161792491873e-02
4.580000000000000000e+02 9.007912777719938313e-02
4.590000000000000000e+02 8.944176526001379468e-02
4.600000000000000000e+02 8.883763425367534328e-02
4.610000000000000000e+02 8.861174824732846733e-02
4.620000000000000000e+02 8.841598229162762890e-02
4.630000000000000000e+02 8.825053683251035674e-02
4.640000000000000000e+02 8.811558265906481446e-02
4.650000000000000000e+02 8.801126003503226269e-02
4.660000000000000000e+02 8.800004387563281627e-02
4.670000000000000000e+02 8.801046516432979583e-02
4.680000000000000000e+02 8.804251621767343605e-02
4.690000000000000000e+02 8.809617342771504378e-02
4.700000000000000000e+02 8.817139734881135338e-02
4.710000000000000000e+02 8.812402997227912482e-02
4.720000000000000000e+02 8.809479010133382249e-02
4.730000000000000000e+02 8.808369578855511361e-02
4.740000000000000000e+02 8.809075388979892285e-02
4.750000000000000000e+02 8.811596004303230700e-02
4.760000000000000000e+02 8.799489113433967002e-02
4.770000000000000000e+02 8.789160677459227633e-02
4.780000000000000000e+02 8.780616972246922669e-02
4.790000000000000000e+02 8.773863211538479590e-02
4.800000000000000000e+02 8.768903531150766539e-02
4.810000000000000000e+02 8.743403892574878877e-02
4.820000000000000000e+02 8.721096444184292529e-02
4.830000000000000000e+02 8.702005735394539865e-02
4.840000000000000000e+02 8.686152975795453923e-02
4.850000000000000000e+02 8.673555919518023682e-02
4.860000000000000000e+02 8.719065003379458667e-02
4.870000000000000000e+02 8.767863664191512252e-02
4.880000000000000000e+02 8.819897300484072500e-02
4.890000000000000000e+02 8.875109013689112814e-02
4.900000000000000000e+02 8.933439879194818301e-02
4.910000000000000000e+02 8.990819803566002522e-02
4.920000000000000000e+02 9.050488668378688095e-02
4.930000000000000000e+02 9.112401509149913037e-02
4.940000000000000000e+02 9.176512906475657594e-02
4.950000000000000000e+02 9.242777110410116403e-02
4.960000000000000000e+02 9.307642256385825763e-02
4.970000000000000000e+02 9.374450331370300094e-02
4.980000000000000000e+02 9.443160098194369745e-02
4.990000000000000000e+02 9.513730353928673278e-02
5.000000000000000000e+02 9.586120009510060158e-02
5.010000000000000000e+02 9.663622981176754612e-02
5.020000000000000000e+02 9.742813229737172509e-02
5.030000000000000000e+02 9.823649950928203811e-02
5.040000000000000000e+02 9.906092837684164765e-02
5.050000000000000000e+02 9.990102125648123166e-02
5.060000000000000000e+02 1.008546132212228552e-01
5.070000000000000000e+02 1.018205639197495710e-01
5.080000000000000000e+02 1.027985249645536614e-01
5.090000000000000000e+02 1.037881568477777572e-01
5.100000000000000000e+02 1.047891289106302332e-01
5.110000000000000000e+02 1.058553020070187034e-01
5.120000000000000000e+02 1.069275545705390684e-01
5.130000000000000000e+02 1.080057055352359602e-01
5.140000000000000000e+02 1.090895800165286172e-01
5.150000000000000000e+02 1.101790091010584338e-01
5.160000000000000000e+02 1.111627742755975090e-01
5.170000000000000000e+02 1.121478809513860864e-01
5.180000000000000000e+02 1.131342940854257045e-01
5.190000000000000000e+02 1.141219798006125052e-01
5.200000000000000000e+02 1.151109053395798776e-01
5.210000000000000000e+02 1.157579267796802064e-01
5.220000000000000000e+02 1.164049484835179421e-01
5.230000000000000000e+02 1.170519704467195554e-01
5.240000000000000000e+02 1.176989926650076623e-01
5.250000000000000000e+02 1.183460151341984429e-01
5.260000000000000000e+02 1.184404489160630208e-01
5.270000000000000000e+02 1.185353664461827050e-01
5.280000000000000000e+02 1.186307665634037112e-01
5.290000000000000000e+02 1.187266481044100819e-01
5.300000000000000000e+02 1.188230099037797388e-01
5.310000000000000000e+02 1.182716803454640642e-01
5.320000000000000000e+02 1.177207718495846822e-01
5.330000000000000000e+02 1.171702903553659414e-01
5.340000000000000000e+02 1.166202419095244414e-01
5.350000000000000000e+02 1.160706326685940482e-01
5.360000000000000000e+02 1.149437238335876410e-01
5.370000000000000000e+02 1.138168624091410175e-01
5.380000000000000000e+02 1.126900498175216342e-01
5.390000000000000000e+02 1.115632875383949230e-01
5.400000000000000000e+02 1.104365771117457040e-01
5.410000000000000000e+02 1.089956214767959231e-01
5.420000000000000000e+02 1.075576878967322986e-01
5.430000000000000000e+02 1.061228992154484990e-01
5.440000000000000000e+02 1.046913847349297405e-01
5.450000000000000000e+02 1.032632806236824796e-01
5.460000000000000000e+02 1.018416592798179615e-01
5.470000000000000000e+02 1.004310276969035826e-01
5.480000000000000000e+02 9.903185549778639740e-02
5.490000000000000000e+02 9.764463529606336178e-02
5.500000000000000000e+02 9.626988376723295826e-02
5.510000000000000000e+02 9.505917549481038287e-02
5.520000000000000000e+02 9.386814359785240758e-02
5.530000000000000000e+02 9.269754651994940864e-02
5.540000000000000000e+02 9.154816814489841192e-02
5.550000000000000000e+02 9.042081763682666140e-02
5.560000000000000000e+02 8.946109549368871927e-02
5.570000000000000000e+02 8.852700913431128804e-02
5.580000000000000000e+02 8.761937845088202392e-02
5.590000000000000000e+02 8.673903393794661631e-02
5.600000000000000000e+02 8.588681465379034707e-02
5.610000000000000000e+02 8.515334947233761664e-02
5.620000000000000000e+02 8.444806361324161403e-02
5.630000000000000000e+02 8.377166881696143652e-02
5.640000000000000000e+02 8.312487035427935933e-02
5.650000000000000000e+02 8.250836426167565407e-02
5.660000000000000000e+02 8.193771036675816244e-02
5.670000000000000000e+02 8.139465817120133950e-02
5.680000000000000000e+02 8.087976365641313947e-02
5.690000000000000000e+02 8.039356784642884279e-02
5.700000000000000000e+02 7.993659440262666782e-02
5.710000000000000000e+02 7.941969711362097117e-02
5.720000000000000000e+02 7.892846495606438417e-02
5.730000000000000000e+02 7.846337997304349277e-02
5.740000000000000000e+02 7.802490973426273735e-02
5.750000000000000000e+02 7.761350531355751259e-02
5.760000000000000000e+02 7.704912335183940197e-02
5.770000000000000000e+02 7.651159625407114029e-02
5.780000000000000000e+02 7.600149382238954865e-02
5.790000000000000000e+02 7.551937178600677536e-02
5.800000000000000000e+02 7.506576927269315025e-02
5.810000000000000000e+02 7.453363005309894540e-02
5.820000000000000000e+02 7.403494474034111317e-02
5.830000000000000000e+02 7.357039362366256385e-02
5.840000000000000000e+02 7.314062711378725712e-02
5.850000000000000000e+02 7.274626170929771041e-02
5.860000000000000000e+02 7.240418236281642717e-02
5.870000000000000000e+02 7.210025869678392263e-02
5.880000000000000000e+02 7.183497500676948311e-02
5.890000000000000000e+02 7.160876073406149955e-02
5.900000000000000000e+02 7.142198711235765718e-02
5.910000000000000000e+02 7.127241161570468941e-02
5.920000000000000000e+02 7.115936915374895810e-02
5.930000000000000000e+02 7.108303402079170497e-02
5.940000000000000000e+02 7.104352454124845950e-02
5.950000000000000000e+02 7.104090215703447175e-02
5.960000000000000000e+02 7.100132093555960866e-02
5.970000000000000000e+02 7.099261640640698590e-02
5.980000000000000000e+02 7.101479992356578286e-02
5.990000000000000000e+02 7.106784256233501795e-02
6.000000000000000000e+02 7.115167530753940817e-02
6.010000000000000000e+02 7.098260646351471637e-02
6.020000000000000000e+02 7.083492734285035120e-02
6.030000000000000000e+02 7.070877196647933072e-02
6.040000000000000000e+02 7.060425571009339152e-02
6.050000000000000000e+02 7.052147478444374673e-02
6.060000000000000000e+02 6.980399432472260413e-02
6.070000000000000000e+02 6.913552953385439237e-02
6.080000000000000000e+02 6.851751503443904989e-02
6.090000000000000000e+02 6.795132737033386661e-02
6.100000000000000000e+02 6.743827191301365875e-02
6.110000000000000000e+02 6.778621160740180840e-02
6.120000000000000000e+02 6.819076625567656313e-02
6.130000000000000000e+02 6.865093498250521287e-02
6.140000000000000000e+02 6.916560777142763405e-02
6.150000000000000000e+02 6.973357782153988271e-02
6.160000000000000000e+02 7.007471785029403821e-02
6.170000000000000000e+02 7.045181913773725102e-02
6.180000000000000000e+02 7.086430758743875180e-02
6.190000000000000000e+02 7.131156913075452353e-02
6.200000000000000000e+02 7.179295387394361849e-02
6.210000000000000000e+02 7.211732802154249833e-02
6.220000000000000000e+02 7.247648099918277409e-02
6.230000000000000000e+02 7.286989856669641441e-02
6.240000000000000000e+02 7.329702898654162635e-02
6.250000000000000000e+02 7.375728656495443569e-02
6.260000000000000000e+02 7.415850077198327117e-02
6.270000000000000000e+02 7.459534779409421335e-02
6.280000000000000000e+02 7.506720554773371745e-02
6.290000000000000000e+02 7.557341824623076132e-02
6.300000000000000000e+02 7.611330043129085898e-02
6.310000000000000000e+02 7.670465387565700288e-02
6.320000000000000000e+02 7.733057720292925430e-02
6.330000000000000000e+02 7.799023807891294902e-02
6.340000000000000000e+02 7.868278796144875797e-02
6.350000000000000000e+02 7.940736633260508937e-02
6.360000000000000000e+02 8.021708792638954089e-02
6.370000000000000000e+02 8.105332427086767155e-02
6.380000000000000000e+02 8.191526333831497531e-02
6.390000000000000000e+02 8.280210246528343920e-02
6.400000000000000000e+02 8.371305029692716060e-02
6.410000000000000000e+02 8.456452658805795053e-02
6.420000000000000000e+02 8.543176041144023847e-02
6.430000000000000000e+02 8.631427680182435225e-02
6.440000000000000000e+02 8.721161181594477840e-02
6.450000000000000000e+02 8.812331277327800638e-02
6.460000000000000000e+02 8.877843909067464900e-02
6.470000000000000000e+02 8.944244549474780759e-02
6.480000000000000000e+02 9.011513568901671767e-02
6.490000000000000000e+02 9.079631666473871043e-02
6.500000000000000000e+02 9.148579876123826005e-02
6.510000000000000000e+02 9.180858123425759965e-02
6.520000000000000000e+02 9.213802485950561838e-02
6.530000000000000000e+02 9.247405844490971805e-02
6.540000000000000000e+02 9.281661041555221148e-02
6.550000000000000000e+02 9.316560887092571741e-02
6.560000000000000000e+02 9.317224546015948072e-02
6.570000000000000000e+02 9.318630701374137904e-02
6.580000000000000000e+02 9.320779017122707288e-02
6.590000000000000000e+02 9.323668980246395399e-02
6.600000000000000000e+02 9.327299901370947333e-02
6.610000000000000000e+02 9.305193630667979443e-02
6.620000000000000000e+02 9.284061846646463056e-02
6.630000000000000000e+02 9.263911217974420131e-02
6.640000000000000000e+02 9.244748160479615562e-02
6.650000000000000000e+02 9.226578827544545947e-02
6.660000000000000000e+02 9.189514965863121443e-02
6.670000000000000000e+02 9.153717210304955498e-02
6.680000000000000000e+02 9.119200471320165757e-02
6.690000000000000000e+02 9.085979348287148705e-02
6.700000000000000000e+02 9.054068102811967111e-02
6.710000000000000000e+02 9.007408187699501856e-02
6.720000000000000000e+02 8.962329057017996703e-02
6.730000000000000000e+02 8.918854680375515320e-02
6.740000000000000000e+02 8.877008635232790101e-02
6.750000000000000000e+02 8.836814054131325591e-02
6.760000000000000000e+02 8.783975273366702308e-02
6.770000000000000000e+02 8.733018883090633289e-02
6.780000000000000000e+02 8.683978020192859026e-02
6.790000000000000000e+02 8.636885314246278700e-02
6.800000000000000000e+02 8.591772799671121286e-02
6.810000000000000000e+02 8.533102025741361174e-02
6.820000000000000000e+02 8.476600571566064724e-02
6.830000000000000000e+02 8.422312096191696129e-02
6.840000000000000000e+02 8.370279658951657042e-02
6.850000000000000000e+02 8.320545584280081286e-02
6.860000000000000000e+02 8.255030896304915711e-02
6.870000000000000000e+02 8.192124809884292203e-02
6.880000000000000000e+02 8.131887863553077800e-02
6.890000000000000000e+02 8.074379794943323252e-02
6.900000000000000000e+02 8.019659309689104731e-02
6.910000000000000000e+02 7.955614611787280299e-02
6.920000000000000000e+02 7.894942955206757373e-02
6.930000000000000000e+02 7.837722672277942781e-02
6.940000000000000000e+02 7.784029876355562372e-02
6.950000000000000000e+02 7.733938036429929830e-02
6.960000000000000000e+02 7.684282700938553645e-02
6.970000000000000000e+02 7.638512041977948974e-02
6.980000000000000000e+02 7.596696276265986481e-02
6.990000000000000000e+02 7.558901039378515541e-02
7.000000000000000000e+02 7.525186910854406164e-02
7.010000000000000000e+02 7.484318714950359552e-02
7.020000000000000000e+02 7.447388205054931987e-02
7.030000000000000000e+02 7.414454220831073750e-02
7.040000000000000000e+02 7.385570226799109683e-02
7.050000000000000000e+02 7.360783900056877549e-02
7.060000000000000000e+02 7.323153273378868455e-02
7.070000000000000000e+02 7.289670429431112375e-02
7.080000000000000000e+02 7.260392753584668513e-02
7.090000000000000000e+02 7.235371294214745785e-02
7.100000000000000000e+02 7.214650334995345582e-02
7.110000000000000000e+02 7.182778825468627559e-02
7.120000000000000000e+02 7.155405879978232742e-02
7.130000000000000000e+02 7.132583291566120531e-02
7.140000000000000000e+02 7.114354852500953674e-02
7.150000000000000000e+02 7.100755943964988381e-02
7.160000000000000000e+02 7.077904303100333860e-02
7.170000000000000000e+02 7.059865614110685805e-02
7.180000000000000000e+02 7.046676838916540730e-02
7.190000000000000000e+02 7.038365241468171052e-02
7.200000000000000000e+02 7.034948108540382827e-02
7.210000000000000000e+02 7.023396621057384492e-02
7.220000000000000000e+02 7.016843914861822795e-02
7.230000000000000000e+02 7.015303997434121919e-02
7.240000000000000000e+02 7.018780168186324053e-02
7.250000000000000000e+02 7.027264983211094218e-02
7.260000000000000000e+02 7.027495057763528952e-02
7.270000000000000000e+02 7.032719101641529691e-02
7.280000000000000000e+02 7.042926002122497364e-02
7.290000000000000000e+02 7.058094141709186919e-02
7.300000000000000000e+02 7.078191625561056077e-02
7.310000000000000000e+02 7.088881436108859790e-02
7.320000000000000000e+02 7.104393577904939694e-02
7.330000000000000000e+02 7.124696552967507701e-02
7.340000000000000000e+02 7.149749548164552326e-02
7.350000000000000000e+02 7.179502837844230212e-02
7.360000000000000000e+02 7.198701264890547402e-02
7.370000000000000000e+02 7.222440606614741188e-02
7.380000000000000000e+02 7.250676261110791665e-02
7.390000000000000000e+02 7.283355935501910350e-02
7.400000000000000000e+02 7.320420113313415300e-02
7.410000000000000000e+02 7.346169051305251330e-02
7.420000000000000000e+02 7.376039596800625098e-02
7.430000000000000000e+02 7.409981905851764639e-02
7.440000000000000000e+02 7.447940310233057415e-02
7.450000000000000000e+02 7.489853749760579105e-02
7.460000000000000000e+02 7.516308507795732563e-02
7.470000000000000000e+02 7.546205224397009581e-02
7.480000000000000000e+02 7.579503170120403810e-02
7.490000000000000000e+02 7.616157734435917426e-02
7.500000000000000000e+02 7.656120706894915806e-02
7.510000000000000000e+02 7.658365981071714457e-02
7.520000000000000000e+02 7.663240039483677768e-02
7.530000000000000000e+02 7.670737871070350267e-02
7.540000000000000000e+02 7.680851792074747109e-02
7.550000000000000000e+02 7.693571485219376227e-02
7.560000000000000000e+02 7.630010574306678173e-02
7.570000000000000000e+02 7.570871094805090018e-02
7.580000000000000000e+02 7.516257413670128507e-02
7.590000000000000000e+02 7.466268846433242456e-02
7.600000000000000000e+02 7.420998859328875596e-02
7.610000000000000000e+02 7.437264460562546808e-02
7.620000000000000000e+02 7.463935928819682986e-02
7.630000000000000000e+02 7.500902262374599394e-02
7.640000000000000000e+02 7.548012205664467178e-02
7.650000000000000000e+02 7.605077256084619153e-02
7.660000000000000000e+02 7.709191532874230812e-02
7.670000000000000000e+02 7.818842329017695880e-02
7.680000000000000000e+02 7.933800091854656400e-02
7.690000000000000000e+02 8.053837575029802742e-02
7.700000000000000000e+02 8.178731119702241370e-02
7.710000000000000000e+02 8.272386999498419768e-02
7.720000000000000000e+02 8.369213510503337172e-02
7.730000000000000000e+02 8.469101904756443089e-02
7.740000000000000000e+02 8.571945143066617145e-02
7.750000000000000000e+02 8.677638167852705364e-02
7.760000000000000000e+02 8.755143817501544190e-02
7.770000000000000000e+02 8.835067421428947909e-02
7.780000000000000000e+02 8.917343965573659714e-02
7.790000000000000000e+02 9.001908933254601508e-02
7.800000000000000000e+02 9.088698447410564762e-02
7.810000000000000000e+02 9.150754106955848177e-02
7.820000000000000000e+02 9.214759603506007812e-02
7.830000000000000000e+02 9.280674595161378382e-02
7.840000000000000000e+02 9.348458691066255377e-02
7.850000000000000000e+02 9.418071534146536805e-02
7.860000000000000000e+02 9.460331731438689773e-02
7.870000000000000000e+02 9.504179875431915947e-02
7.880000000000000000e+02 9.549594092389435129e-02
7.890000000000000000e+02 9.596552148733847321e-02
7.900000000000000000e+02 9.645031495359264462e-02
7.910000000000000000e+02 9.661300971149971994e-02
7.920000000000000000e+02 9.678969317169065778e-02
7.930000000000000000e+02 9.698028887827803146e-02
7.940000000000000000e+02 9.718471497847312734e-02
7.950000000000000000e+02 9.740288439193378611e-02
7.960000000000000000e+02 9.729997622536541713e-02
7.970000000000000000e+02 9.721148510166148504e-02
7.980000000000000000e+02 9.713745042212122704e-02
7.990000000000000000e+02 9.707790526157426825e-02
8.000000000000000000e+02 9.703287629492360344e-02
8.010000000000000000e+02 9.672815279985666481e-02
8.020000000000000000e+02 9.643957144079497168e-02
8.030000000000000000e+02 9.616727753711906690e-02
8.040000000000000000e+02 9.591140980990572884e-02
8.050000000000000000e+02 9.567210005091025815e-02
8.060000000000000000e+02 9.521888014739618433e-02
8.070000000000000000e+02 9.478346963117244284e-02
8.080000000000000000e+02 9.436611502307888644e-02
8.090000000000000000e+02 9.396705690932807831e-02
8.100000000000000000e+02 9.358652934199036821e-02
8.110000000000000000e+02 9.300212162904726576e-02
8.120000000000000000e+02 9.243692188185372027e-02
8.130000000000000000e+02 9.189128453092114401e-02
8.140000000000000000e+02 9.136556005824318649e-02
8.150000000000000000e+02 9.086009411745689379e-02
8.160000000000000000e+02 9.015323832776447888e-02
8.170000000000000000e+02 8.946725407037887934e-02
8.180000000000000000e+02 8.880262503308214428e-02
8.190000000000000000e+02 8.815983420243084234e-02
8.200000000000000000e+02 8.753936264558612179e-02
8.210000000000000000e+02 8.672710010095148470e-02
8.220000000000000000e+02 8.593792041114710345e-02
8.230000000000000000e+02 8.517246521272012205e-02
8.240000000000000000e+02 8.443137976711359571e-02
8.250000000000000000e+02 8.371531127274318973e-02
8.260000000000000000e+02 8.282316211885716595e-02
8.270000000000000000e+02 8.195691324039203196e-02
8.280000000000000000e+02 8.111739440509789512e-02
8.290000000000000000e+02 8.030544393068057840e-02
8.300000000000000000e+02 7.952190627360228303e-02
8.310000000000000000e+02 7.857684447168718223e-02
8.320000000000000000e+02 7.766107763337873338e-02
8.330000000000000000e+02 7.677565404174332975e-02
8.340000000000000000e+02 7.592163532358263411e-02
8.350000000000000000e+02 7.510009287069145667e-02
8.360000000000000000e+02 7.413016028154562065e-02
8.370000000000000000e+02 7.319368798204074766e-02
8.380000000000000000e+02 7.229197632047801303e-02
8.390000000000000000e+02 7.142634180113316411e-02
8.400000000000000000e+02 7.059811150964014070e-02
8.410000000000000000e+02 6.963791788820056228e-02
8.420000000000000000e+02 6.871629591740942289e-02
8.430000000000000000e+02 6.783481774976046763e-02
8.440000000000000000e+02 6.699506796329481040e-02
8.450000000000000000e+02 6.619863458862872141e-02
8.460000000000000000e+02 6.528969876018286822e-02
8.470000000000000000e+02 6.442518423380126646e-02
8.480000000000000000e+02 6.360690229440693622e-02
8.490000000000000000e+02 6.283665914089009430e-02
8.500000000000000000e+02 6.211624184586317376e-02
8.510000000000000000e+02 6.130005357755625994e-02
8.520000000000000000e+02 6.053415012139595069e-02
8.530000000000000000e+02 5.982046295356684140e-02
8.540000000000000000e+02 5.916088183748913903e-02
8.550000000000000000e+02 5.855723513239478872e-02
8.560000000000000000e+02 5.786639764800630831e-02
8.570000000000000000e+02 5.723071323096504126e-02
8.580000000000000000e+02 5.665203850572254202e-02
8.590000000000000000e+02 5.613213666469440283e-02
8.600000000000000000e+02 5.567265429270581989e-02
8.610000000000000000e+02 5.512338918720437880e-02
8.620000000000000000e+02 5.463206452042158878e-02
8.630000000000000000e+02 5.420025600339592464e-02
8.640000000000000000e+02 5.382939593469768247e-02
8.650000000000000000e+02 5.352075131522240209e-02
8.660000000000000000e+02 5.310582689167245990e-02
8.670000000000000000e+02 5.274901719832313096e-02
8.680000000000000000e+02 5.245150825255651822e-02
8.690000000000000000e+02 5.221431372320549380e-02
8.700000000000000000e+02 5.203825837055803955e-02
8.710000000000000000e+02 5.173094595835775467e-02
8.720000000000000000e+02 5.148000156678744083e-02
8.730000000000000000e+02 5.128625263119421240e-02
8.740000000000000000e+02 5.115034909606425845e-02
8.750000000000000000e+02 5.107275273971572521e-02
8.760000000000000000e+02 5.084262531251482198e-02
8.770000000000000000e+02 5.066645782780981877e-02
8.780000000000000000e+02 5.054481450017908606e-02
8.790000000000000000e+02 5.047808951208062472e-02
8.800000000000000000e+02 5.046650069713134318e-02
8.810000000000000000e+02 5.029156796310833150e-02
8.820000000000000000e+02 5.016823401762964679e-02
8.830000000000000000e+02 5.009687995666677746e-02
8.840000000000000000e+02 5.007772797385112717e-02
8.850000000000000000e+02 5.011083792293543476e-02
8.860000000000000000e+02 4.997691987883781661e-02
8.870000000000000000e+02 4.989240251264456805e-02
8.880000000000000000e+02 4.985753705371542832e-02
8.890000000000000000e+02 4.987242763604322199e-02
8.900000000000000000e+02 4.993702974980615550e-02
8.910000000000000000e+02 4.983293443754816671e-02
8.920000000000000000e+02 4.977609573150405808e-02
8.930000000000000000e+02 4.976667554777665370e-02
8.940000000000000000e+02 4.980470079294141428e-02
8.950000000000000000e+02 4.989006298113985577e-02
8.960000000000000000e+02 4.980453025396532063e-02
8.970000000000000000e+02 4.976416638381328528e-02
8.980000000000000000e+02 4.976908126975239377e-02
8.990000000000000000e+02 4.981926151094821092e-02
9.000000000000000000e+02 4.991457058874626540e-02
9.010000000000000000e+02 4.983658370403649257e-02
9.020000000000000000e+02 4.980180017440787033e-02
9.030000000000000000e+02 4.981031050922672676e-02
9.040000000000000000e+02 4.986209254063879437e-02
9.050000000000000000e+02 4.995701171135624730e-02
9.060000000000000000e+02 4.987759001704331757e-02
9.070000000000000000e+02 4.983956336796525888e-02
9.080000000000000000e+02 4.984302650855061689e-02
9.090000000000000000e+02 4.988797079834200732e-02
9.100000000000000000e+02 4.997428431945635102e-02
9.110000000000000000e+02 4.988531989484248225e-02
9.120000000000000000e+02 4.983587322813288339e-02
9.130000000000000000e+02 4.982606197002886067e-02
9.140000000000000000e+02 4.985590952036318690e-02
9.150000000000000000e+02 4.992534474988614274e-02
9.160000000000000000e+02 4.981046275521733291e-02
9.170000000000000000e+02 4.973269975988446612e-02
9.180000000000000000e+02 4.969223002591795918e-02
9.190000000000000000e+02 4.968914467481486130e-02
9.200000000000000000e+02 4.972345066570333511e-02
9.210000000000000000e+02 4.953282241204268188e-02
9.220000000000000000e+02 4.937653550914220674e-02
9.230000000000000000e+02 4.925491685560440258e-02
9.240000000000000000e+02 4.916822371007235903e-02
9.250000000000000000e+02 4.911664100831039659e-02
9.260000000000000000e+02 4.875536912398859002e-02
9.270000000000000000e+02 4.842931226422155649e-02
9.280000000000000000e+02 4.813918599069309107e-02
9.290000000000000000e+02 4.788564338922014774e-02
9.300000000000000000e+02 4.766926820546486115e-02
9.310000000000000000e+02 4.719023720709313030e-02
9.320000000000000000e+02 4.676053515774476060e-02
9.330000000000000000e+02 4.638153310290039216e-02
9.340000000000000000e+02 4.605448275544955089e-02
9.350000000000000000e+02 4.578049753910883035e-02
9.360000000000000000e+02 4.551773086119556555e-02
9.370000000000000000e+02 4.532018279160575369e-02
9.380000000000000000e+02 4.518870867224819565e-02
9.390000000000000000e+02 4.512388605112061662e-02
9.400000000000000000e+02 4.512600215986514729e-02
9.410000000000000000e+02 4.511600805788927582e-02
9.420000000000000000e+02 4.516717965092031245e-02
9.430000000000000000e+02 4.527930956352023417e-02
9.440000000000000000e+02 4.545194664556496955e-02
9.450000000000000000e+02 4.568440494944720626e-02
9.460000000000000000e+02 4.576275725481733503e-02
9.470000000000000000e+02 4.589457646764731613e-02
9.480000000000000000e+02 4.607940373235366871e-02
9.490000000000000000e+02 4.631660446445639429e-02
9.500000000000000000e+02 4.660537899757583730e-02
9.510000000000000000e+02 4.670308999138873124e-02
9.520000000000000000e+02 4.685016168519708091e-02
9.530000000000000000e+02 4.704613115936044643e-02
9.540000000000000000e+02 4.729039052648715408e-02
9.550000000000000000e+02 4.758219611557316236e-02
9.560000000000000000e+02 4.768410197072864287e-02
9.570000000000000000e+02 4.783336342314642442e-02
9.580000000000000000e+02 4.802953897372672087e-02
9.590000000000000000e+02 4.827205665526008993e-02
9.600000000000000000e+02 4.856022215219487487e-02
9.610000000000000000e+02 4.866193640049793628e-02
9.620000000000000000e+02 4.881013274429435445e-02
9.630000000000000000e+02 4.900438947970997550e-02
9.640000000000000000e+02 4.924416151724512331e-02
9.650000000000000000e+02 4.952878783382332062e-02
9.660000000000000000e+02 4.963192029760166851e-02
9.670000000000000000e+02 4.978151749622677230e-02
9.680000000000000000e+02 4.997716218120860227e-02
9.690000000000000000e+02 5.021831616857112129e-02
9.700000000000000000e+02 5.050432755305592908e-02
9.710000000000000000e+02 5.061771828248551319e-02
9.720000000000000000e+02 5.077814607692716226e-02
9.730000000000000000e+02 5.098516692372809939e-02
9.740000000000000000e+02 5.123821606786348876e-02
9.750000000000000000e+02 5.153661550528605695e-02
9.760000000000000000e+02 5.167423238722557155e-02
9.770000000000000000e+02 5.185953623487524200e-02
9.780000000000000000e+02 5.209201814867350094e-02
9.790000000000000000e+02 5.237104984364134713e-02
9.800000000000000000e+02 5.269589186328142022e-02
9.810000000000000000e+02 5.286988743982062866e-02
9.820000000000000000e+02 5.309171047185286263e-02
9.830000000000000000e+02 5.336076450023831408e-02
9.840000000000000000e+02 5.367633928993137404e-02
9.850000000000000000e+02 5.403761981602133585e-02
9.860000000000000000e+02 5.425202961765335230e-02
9.870000000000000000e+02 5.451347158622953798e-02
9.880000000000000000e+02 5.482127283842120474e-02
9.890000000000000000e+02 5.517465751013436726e-02
9.900000000000000000e+02 5.557275601939028198e-02
9.910000000000000000e+02 5.581588378204008216e-02
9.920000000000000000e+02 5.610433539271324210e-02
9.930000000000000000e+02 5.643741590517969281e-02
9.940000000000000000e+02 5.681434039887049703e-02
9.950000000000000000e+02 5.723424265744721934e-02
9.960000000000000000e+02 5.747832951574390753e-02
9.970000000000000000e+02 5.776610290697985900e-02
9.980000000000000000e+02 5.809691365287485837e-02
9.990000000000000000e+02 5.847003126995804073e-02
1.000000000000000000e+03 5.888465154198169182e-02
